31,164,550,574,717

760,823,939
162,213,536,947
12,758
391,502

291,619,652
414,936
78,101,968
118,792
5,400,567,647,770
241,360
34,178,473
301,323,587
440,887
298,417,450,532,596
432
204,661,758
389,595
304,532,574,675
339,644
769,977

63,195,619
450,621,733,849
644
513,642,917
597,851
123,242,690
1,300,412,707
710,719
105,558
14

91,488

616,648,798
52,700
443,980
210,710
474
885
362,817
186
91,225
946
464,565
154,410,592
386,426
492
39
741,848
422
676,835
276,324

256,491
879
101,368
564
380,471,819
25,670

197,475,693
615
270
474,956
274,870
912
253
137,394,775,910
112
628,862

136

10,108,311,841,981
576,620,808,944
113,167,364,443,786

152,851
945
377
223
147
402
273,274,501,525,621,936
914
948
36,46
144,524,995
118,743,744

679,777

351
213,482,502,672,700,740,748

416,986
10,60,359,863

856,919
360,377
33,642,972
181,678
141,720,833
78

115
118,495
73,456
80,470
359
110
407
551
11,93,111,381,892
192,757
783,843

505
30,330,608
318
167,602,635
272,429
296,376,545

413,513,920
218
575
499,764

245,575,638
298
76,742
72
170
406,597
421,563,592,951
107,327,378,717
357,633,723
329,444,650,673,801
92,154,244
992
154,189
86,502,564
399


592,876,903
82
282
49,144,146,215,513,986


249
657,749
424
419
200,841
4,189
317
1,246
816,859,883
500,768,849
80,125
637,916
308,378,547
138
301,483
947
285
256,264,327,350,589

867
261,681,943
14
415
673,755
106,633,839
763,862
890
628
236,337
45
539,935
359
146,162,798
272
917
119
375,888
732
25,231
932
65,213,616
288

161
236,352
723
296,500
19,575
561,741
983
352,895,997,1000
293,395,615,821
521
41
865
224
4,98,197,812
635,799,887
154,286
358,589,672
549,671
130,516,724,729
376,591
508
412,481,959
837
85,698,817,823
212,229,686
46
285
281,868,906,995
304,526
224,244,409

195,239,482,850
623,649,906
364,607
440
330
185,201,628
750,979
287
231,490,810
381,398
13
30,312,840
486
144,229,652,780
134,495,532,984
164
396
374,426,841
157,734
320,517,592,974
389,727
993
71,292
704
713
58,174
505,570
838
412,978

177
910
271,575,856
174,789
411,520


898
894
67,328,353,981
263,445
126,190,531,684
88
69,88,831
397,802
56
992
529
998
756,863
227,697,831
153,497,520,935
293,509,798
923
173,226,622,970
215,337
238
198,312
937

8
253,879
208,283,747,790,806


127,203,318,720
699,790
17,135,388,412
642
31,451,785
15,171,615
818

21,228
777
490,674,927
675
169,968
802,864
893
78,352,870
242,288
715
792
878

163
124,296,506,628,780
878
250,394,665,912
802
447,840
15
56
702,789

141,174
270
143
123,235,688,944
340,769
973
578,622,708
820
642
851
185,286
957
22,405
331,494

401,442,1000

525,636

446,513,957
624,949
612,614
651
174,702
97,581
201,207,311,405,549
270,697,778
557,602,845,972
807
615,810
142,470,502,645
216,465,891
101,114,188,554,847
13,104,532
453,543,892
44,520,566,902
682,803
80,233

435,758
545,669,984
60,599,951
534,797
513,667,986
479
511,656,839,868

248,782
193,397,681
127,219
84,104,780
141,169,964
527,578,658,893
62,386,406,413,632,659
118,240,394,412,443,575
631,834,950
405,682
582
764,876
50,380
521,915
298,479
20,251
419,997
6,684
708,805
573
72,320,381,800,983
208
247,727
275,375,608
240,842
148,572
12
342,405,483,571
87,835
836

339,352,383,401
139,380,836
116

229
49,720
265,724
31,221,259,298,381,723,976
129,380,930
9
179,739,813
100
17
519
160,390,737
799
140
54
465,707,987
159
623
50,248
438,641,999

126,564

432,488,564
18,431,826
654,781,867
965
366

864
427
716
16,234
463,505,659,918
342,953
40,80,381
143,458,472
271,917,943
346
322,807
620

17,26
300
459
361

801
112,801
904
444,821
452,715,803
552,662


441,514,535
48,509,594,701
358,423
501
828
548,658,728
547
113,357
62
444,629,984
14
42,68,487,540
65,685

573,958
695,723
371,388,562
719
221,792
98,231,531,967
171,401,588
549,716
914
243
474
36,431,801

239,306,592
58
51

340,781,788
111,245,835
519
282

132
166,203,504
88,466,587,738,975
6,98,147,357,716,796,992
539
500,783,923
122,257,441,912
318,668,992
979
220,598,766,784
283,464

372,590,703,789
673
28,129,154,346,370
463,769,995

218,819,858,934
250,787,972

418,496
265,282,362
209,387,607,652

900
92,619,729
88,344,703
228
379
705,901
278,838
566
272,482,534
17,21,245,360
570,620,695
369,531,607
463,701
4

560,618,755
187,503,976
474
693
896
361,633,773
644
127,367
770,815,823
169,469,571,887
468,653,778
217,352,484,715,915
1,655,803
117,881
460,879
607
359,734,834
750,754
858
354
33

538,767,802
205
479,802,829
140,671,851
61,147,429,431,738,941
48,586
362,530,596
12


257,533
401,547,722
399,872
393,477,687,946
1,21
131,134,204,263,381
79

333,379
656
809
351
384,687,754,951

904

565,945
15,501
483
174,216,613,618,809
511
219,893,999
49,140,151,250,490,717
677,766,920
464
20
17,566
29,139,609
508,888
368

863,958
125,354,978
756
926
759
846
233,521,534,553,687,735,824
123,397
597,711,849

713
348,653,790
589,665
348
66,208,301,356
38,197,782
790,975
538,589
8,25,524,969
79,448,533
26,88,791
285,333
232,425,977
347
691


74,184,236,318
472,945

382
380
142,181,543
829,918
125,214,657,754
344,856
168,791
134

957
427
28,105,299,335,948
784
22,27,544,867
357

12
38
232,808
143,939
349
8,244,521
548,612,754
433,769
550
372,579,878,950
158,635
379,468,842
380,441

19
460
769

320,613
713
370,713
506
367
63,921,950
217,563
98,216,998
143,180,512,816
306,801
21,307,871
55
593
106
95
689,706
177,375,747,752
363,383,735

272,391,705
475
224,758
573,582,607,758,841,967
330
680
30
625,975
805,889
65,541

478,533,743,869

281,353
223,754
297
39,98
464,535
325,350
511,525
254
528,684,711
680
31,423,862,874
333,392
752
32,41
609,705,794

255,611,666,667
905,918
313,459,549
439,484,502,776,836
1,141,592

32,480,958
107,296,410

571
142,202,412,478,813
218,411


251,396,909
468,870,964
218,524

896
194
26,965
249,554,815
607,682

419
501,564,773
415
98,848
53,205
136,992
93,695
93
916
820
293,681
98
158
237,555
918
681,709
833,861
555,582,635,653,698
180,538
280,603,994
119,786
5,19,366,686,687
605,848
3
765,809,909

182
132,385
761
508,593
560
166,963
23,331,514,654,663,842
12,546
829

543,738

72
716
95,305
353,548

244,318,377
433,494,977
374,616
120,504,928
508,643
300
80,757
517,870
494
264,325,511
293,297,612,617
621,637
11,314,481,796

711

502,792
369
38,189,283
214,420
394
143,455,456,488,674
275,309,321,560,562
363,459,550

392,692
293,846
355,447
79,649,859
580,589,761
239,356,884
812,979
213,811
415,723
865
546,734
165,673
44,223
302
62,516
334,746
208,458

3,223,546
607
841
432,932

467
562,634,771

274,281

107,753,967
382,554
55,402,495
403,406,716
222
258,529
181,372
242,322
78,161,248,687,825
398,658,769,850
120,869

354
606,806
359
53,740,759
26,166,609,954
231,842
29,82,336,563




103,263,636
912
516,556
165,808
874,896
753,979
74,182,707
101,280,601,891
309,437
211,814

176,433,644
227,372
695,843,968
69,311,728,787,886
675,974
572

707,860

151,385

315,319,656
59,292,552

551

165
810
43,920
870
16,214,547
193,598,932
692
183
358,863
118,361,945
310,379,591,999
269
207
542,731,860

268
984
523
528
362
151
457,584
714
227,232


727,761
72,262

70,320,505,857

89,485
387,549
168,745
28,191,445
441,634,714,751
103,940
129,593,885
670

284,504


604,999
306
783

413

196,826,888

516
187,282
9,88
289

3,650
919
564

177,445
79,330
83,586,629,892
47,573
4,172,957
90,642,1000
347
382,656,670
140,368,582

442
849

68
338,346,640,947
477,601,719
221


994
768
378,728
434,733

482,687,833
10,308,869
619
285

105,354,517
332,983
250,871
501,617,691
412,539
23,623,781
259,602
237,507,811,861
40
78,270

206,394,973
245,367,472,899

100,154,370
423




145,277,502,506,742
252
756,962
92,227,514

207,390
279,672
427,591,893,926
207,342,948
end